structure(list(mpg = c(21, 21, 22.8, 21.4, 24.4, 22.8, 32.4, 
30.4, 33.9, 21.5, 27.3, 26, 30.4, 21.4), cyl = c(6L, 6L, 4L, 
6L, 4L, 4L, 4L, 4L, 4L, 4L, 4L, 4L, 4L, 4L), disp = c(160, 160, 
108, 258, 146.7, 140.8, 78.7, 75.7, 71.1, 120.1, 79, 120.3, 95.1, 
121)), row.names = c("Mazda RX4", "Mazda RX4 Wag", "Datsun 710", 
"Hornet 4 Drive", "Merc 240D", "Merc 230", "Fiat 128", "Honda Civic", 
"Toyota Corolla", "Toyota Corona", "Fiat X1-9", "Porsche 914-2", 
"Lotus Europa", "Volvo 142E"), class = "data.frame")
